kinect2_link_pitch_joint: 0.02506174870773136
kinect2_link_roll_joint: 0.003618153685184814
kinect2_link_x_joint: 0.03792943002761538
kinect2_link_y_joint: -0.006383747876778464
kinect2_link_yaw_joint: -0.02124035097990656
kinect2_link_z_joint: -0.01995034440125036
target_frame_pitch_joint: -0.0008288273099497299
target_frame_roll_joint: -0.02829093307847282
target_frame_x_joint: 1.454618126950632
target_frame_y_joint: 0.2416538268547369
target_frame_yaw_joint: -1.59943064621337
target_frame_z_joint: 0.01180064656854272