#  0.0212338 -0.0355359  -0.999143  -0.210102
#   -0.99975 0.00626625 -0.0214695  0.0409507
# 0.00702382   0.999349  -0.035394  0.0301647
#          0          0          0          1


 #  0.025457 -0.0285921  -0.999267  -0.210269
 # -0.999644 0.00726756 -0.0256746  0.0434967
 #  0.00799632   0.999565 -0.0283969  0.0300157
 #         0          0          0          1


 # 0.0252971 -0.0433003  -0.998742  -0.163092
 # -0.999635 0.00840009 -0.0256839  0.0435513
 # 0.00950165   0.999027  -0.043072  0.0351892
 #         0          0          0          1


import PyKDL

r1 = PyKDL.Rotation(0.0252971, -0.0433003, -0.998742,
                    -0.999635, 0.00840009, -0.0256839,
                    0.00950165, 0.999027,  -0.043072)


# f1 = PyKDL.

print dir(r1)

print r1.GetRPY()
